<?xml version="1.0"?>
<opencv_storage>
<K type_id="opencv-matrix">
  <rows>3</rows>
  <cols>3</cols>
  <dt>d</dt>
  <data>
    6.7556954908178307e+02 0. 3.4160849377687407e+02 0.
    6.7488262999884478e+02 2.5500189388120509e+02 0. 0. 1.</data></K>
<distortion_coeff type_id="opencv-matrix">
  <rows>5</rows>
  <cols>1</cols>
  <dt>d</dt>
  <data>
    -1.7490520435848331e-01 3.4372646908673687e-01
    -3.3420770810733591e-03 2.7433675419585800e-03
    -9.4746143286447748e-01</data></distortion_coeff>
</opencv_storage>
