<?xml version="1.0"?>
<opencv_storage>
<K type_id="opencv-matrix">
  <rows>3</rows>
  <cols>3</cols>
  <dt>d</dt>
  <data>
    6.7556954908178307e+02 0. 3.4160849377687407e+02 0.
    6.7488262999884478e+02 2.5500189388120509e+02 0. 0. 1.</data></K>
</opencv_storage>
